30
5253 2451 6548 8471 7400 9374 5363 168 171 5804 6515 4533 1847 5053 2889 8781 1107 9312 3169 354 9960 5232 2984 4978 2259 7859 1398 2580 3451 638 
4
q m g w 
2451
10
1107 5363 2984 2889 171 354 7400 4978 2259 6548 
100
1847 q 2259
7859 g 354
2259 q 8781
6515 w 7859
9374 m 8471
5253 q 2580
2451 g 7400
2984 w 9960
1107 w 6548
9960 q 5804
638 m 4533
5232 q 1398
354 w 9374
2580 g 6515
2580 q 168
1107 g 354
9960 m 7859
5804 g 5232
2889 q 1847
5363 m 9312
168 q 2889
2889 g 2889
354 g 5253
9312 m 8471
5804 w 2451
3451 w 2580
2984 m 8471
4533 w 4978
2889 w 1107
7859 m 2984
9960 g 9374
5232 g 6515
3451 g 8471
9312 q 1847
2451 m 1847
5804 q 7859
4533 g 9960
4978 m 2580
2259 g 171
5363 q 9312
9960 w 5053
8471 w 638
171 w 2580
8781 g 7859
5232 w 4533
6515 m 5804
9374 q 9960
168 g 1847
354 m 9960
2580 m 6548
1847 m 638
6548 m 3169
1107 m 8781
638 q 6548
638 g 2451
8781 w 4533
3169 m 1107
7859 q 7859
168 w 1847
1398 q 2451
9374 w 2259
2451 q 354
5804 m 354
638 w 7400
4533 q 3169
5253 w 6515
5053 g 5053
7400 m 5253
6515 q 168
3169 q 2984
7400 w 6515
2984 q 168
5253 g 1847
9312 w 3451
1107 q 9960
2259 m 9960
5363 w 5232
1398 g 7400
171 m 3169
2889 m 9312
5232 m 171
3169 w 2984
6548 w 2451
168 m 3451
3451 m 354
9312 g 4533
4978 w 6548
5363 g 4978
1847 w 4533
8781 q 2259
3169 g 9960
6548 g 1847
7859 w 4978
4533 m 7400
5053 q 3169
3451 q 7400
8471 m 171
2984 g 354
1847 g 9374
9374 g 2259
25
1793 4870 3594 1817 2464 6310 1447 1576 3246 1455 1076 5940 1468 959 1862 9678 5339 7652 6249 6634 4660 8691 1268 7415 6139 
4
a u d t 
5339
7
1793 7652 6310 6249 3594 9678 5339 
80
1447 t 4660
5339 u 1076
1817 u 8691
9678 d 1576
1076 a 1076
1455 u 1447
1862 d 5940
1576 t 6310
6310 t 3246
1862 a 5339
4870 u 3246
3246 a 5339
5940 d 6634
5339 d 5940
1076 d 6139
3594 a 1455
1455 d 9678
6139 a 5940
8691 a 3594
1793 t 4870
6249 a 1793
7652 u 6634
2464 t 1817
1268 u 1447
3246 d 1468
6310 u 4660
1268 t 959
6249 t 5940
2464 u 1076
4660 t 1576
4870 t 9678
1268 a 9678
7652 d 959
7415 t 2464
7652 t 5339
6634 a 1862
1447 u 1455
4660 d 6249
8691 t 6310
5339 a 959
1468 d 1793
9678 a 9678
2464 a 7415
1817 d 7652
6139 t 7415
3246 t 5940
1468 a 6310
5940 u 1468
6310 a 4660
7415 u 7652
1793 d 959
1817 a 1468
1468 u 5339
2464 d 8691
9678 t 1268
6249 d 6310
3246 u 1268
959 t 1076
8691 u 1793
6310 d 1447
7652 a 7415
6634 d 3594
7415 d 6139
1447 a 1468
1862 u 1468
1076 t 1817
1455 t 5339
1793 u 6310
1862 t 1576
5940 a 9678
1468 t 5940
5940 t 8691
3594 t 1817
6634 u 1447
1576 a 7652
6139 d 6634
959 u 2464
1817 t 3246
1793 a 1076
4870 d 1793
